-32.86755749862909,-85.70249870647322,7.049993686010907,-47.600442883273224|9906
-69.04718526094783,-75.79426616340703,-24.392151660947825,-56.15926616340703|9954
-39.012139459713275,-59.820827963652974,-0.024139459713275357,-42.09982796365297|9954
-42.225714582442386,-13.509290715113643,-32.68873858244238,-9.085466265113642|9964
-50.50913223965345,-13.704390773724969,-41.72513223965345,-9.954390773724969|9904
-73.42887283267007,-74.8305044234177,-30.82292083267007,-56.027394823417694|9934
-147.72641409955142,-55.673519482272276,-115.12847889955142,-40.38908108227228|9998
-41.28082066133266,-62.610099260177385,-1.1958538613326581,-44.159814260177384|9976
-169.68728037248408,-13.285002008772041,-154.4922803724841,-6.245502008772041|9966
-85.06002415455181,-83.72973685731087,135.52632112299057,-70.59253952013174|9952
-124.99142069214022,-60.05878627332266,-92.64636389214023,-44.88178627332266|9996
-148.31717211466173,-12.727702723424764,-132.53148828298174,-6.921732349784765|9998
-75.00880276878546,-15.13696796656446,-65.36230276878545,-11.05846796656446|9916
-6.038311083652966,-37.010880520077734,10.596688916347036,-25.607098720077733|9910
-30.674232908029776,-77.18625293796859,41.92185633037023,-53.29536852115176|9978
-15.384100760349748,-4.673350914915973,7.721749201250253,-1.966790911215973|10000
-157.20543643248234,-70.14424984023555,-116.67673003248234,-54.10924984023555|9992
-108.72205186383785,-84.15676548732293,-68.96262848703785,-58.94399496828293|9984
-26.875940812039797,-59.63919273925465,14.913065587960201,-41.59064313925465|9992
-91.70095255148127,-36.3447294607029,-71.88813461324126,-27.225584480459702|9976
-15.749018354986308,-44.86212687463222,2.1258370530136936,-26.63119767463222|9982
-80.68521344266777,-65.75283384684283,-52.383213442667774,-50.90583384684283|9936
-61.043993293230855,-1.7912272651490924,-51.76649329323085,2.315772734850908|9936
-174.92698522692015,-88.69004223480071,-89.71055882727855,-67.45872333198442|9908
-46.79595425535169,-54.67762471878211,-16.79595425535169,-39.67762471878211|9986
85.98291044374496,72.26467468884609,102.85791044374496,80.70217468884609|9954
-116.81543935905432,-56.26513412555905,-83.44943935905432,-40.86313412555905|9944
-85.09757758086432,-30.375433169110412,-70.09757758086432,-23.080933169110413|9968
-149.6292913946707,-63.5899210337578,-112.4901049946707,-47.90892103375779|10000
-51.95881868490691,-79.97667280663883,37.060558115093095,-60.05216621335883|9996
-39.96827200594144,-86.70197453623128,-1.8208808963963747,-48.33090617490814|9956
-6.052703789316844,-21.458228651298423,10.831296210683156,-15.718082651298424|9940
-63.55759904735721,-35.17547073857947,-53.28709904735721,-30.86972073857947|9978
-104.44413546158157,-6.142251705072984,-88.43913546158157,3.9474646949270165|9978
-46.17682972737809,-53.66543818540943,-18.288829727378094,-38.66543818540943|9974
-97.6690339401677,-66.978880649597,-67.3030339401677,-51.981880649597|9998
-56.08969883485818,-26.936659719121476,-47.09307203485818,-22.945760919121476|9934
-113.258086807411,-53.06767824381861,-81.68256960741101,-38.336808843818616|9996
-97.77754722410015,-36.097637312682245,-75.6185085155847,-25.205810260142805|9948
-5.936695679859918,-35.12364542169786,10.263304320140081,-24.479851221697857|9998
-151.1992923254738,-70.23328466449163,-110.5266363254738,-54.00328466449163|9966
-165.70202066652485,-21.576944421302326,-150.53116524456485,-13.660029472592013|9998
-112.31712021074279,-85.98435944490393,75.31524485588224,-70.57307658200678|9996
-113.97998976126765,-66.87021584182342,-80.07998976126765,-51.87021584182342|9994
-25.72876297478224,-44.78013975790429,-2.875638974782241,-29.405139757904287|9964
-3.993735531777425,-56.856126563396906,38.59964646822258,-37.494126563396904|9974
-46.19736522941178,-36.02113136147027,-31.320365229411777,-25.565789361470266|9996
-112.25297267041564,-64.98969091391066,-79.13959667041564,-50.016686113910666|10000
-151.97508035666854,-46.60106778788815,-124.38108035666855,-31.385067787888147|9962
-138.56773398817953,-84.34118503944248,-91.16689518817952,-60.93818503944248|10000
-22.954753286449833,-63.87736866822535,21.623229333550167,-43.053038967305355|9998
-125.7977243283415,-70.71928605268471,-89.5522451283415,-55.164624452684706|9996
-51.48427158495814,-29.4401005722141,-8.63770753816005,-26.488770713137963|9998
-25.28421351565417,-55.910749423752826,11.347792884345825,-39.35954782375283|9974
-153.68678560834158,-75.20049649931319,-110.24079280834158,-57.104496499313186|9986
-128.07896600074346,-81.26539559575504,-88.38777280810345,-58.62955876375504|9998
-79.7966495123831,-34.11230371736909,-63.7826495123831,-28.630043717369087|9934
-12.27338120397823,-4.313021883876489,13.28733519602177,-2.18182333989649|9974
-44.25571158842142,-2.5144032444920503,-35.11321158842142,1.3420967555079497|9956
-41.984909061145686,-73.6861232254008,102.97474323588597,-61.11427660096868|9980
-112.94566284918731,-87.40379385082987,10.60660279907323,-67.66627280360275|9936
-22.98480786922321,-33.445790373768794,-6.553975869223212,-21.988259620008794|10000
-46.7510493579294,-27.657557736766602,-13.989458157929406,-23.927788371766603|9928
-89.92133097043718,-88.75710689648048,-17.965042472328477,-63.56139320534566|9908
-63.55558009814735,-15.629789064597153,-53.39158009814735,-11.557289064597153|9944
-13.906162111577416,-58.241600204135395,31.096249888422584,-38.939600204135395|9918
-168.99272441761005,-29.48220926495884,-153.65672441761004,-19.58370926495884|9964
-150.99340810396578,-42.5053499518289,-127.04615316503538,-26.921319981308898|10000
-7.393882428882776,-21.66063563905871,9.095514371117222,-15.490868815698711|9988
-116.25560061371924,-66.25372903553269,-83.28321501371923,-50.842729035532685|9992
-125.84221787245693,-10.817236551257253,-124.50302729584186,48.35885010279094|9954
-135.03841502126372,-39.918408411567206,-114.52005662126372,-22.473408411567206|9952
-25.621943398156997,-46.33995120780055,1.4200566018430045,-31.339951207800553|9916
-123.51491500240934,-87.04626006867323,21.05939640751069,-68.88185364964322|9934
-27.90099556365608,-65.20167525220947,17.96548113842392,-44.566730852209474|9982
-121.7535298742624,-54.663656712025166,-88.48952987426239,-39.76565671202516|9992
-88.16682653381994,-84.36683308213746,90.48062851425175,-69.40234030615333|9996
-168.72890313119885,-88.01544960309536,-69.73463746463884,-68.13513306957536|9988
-3.821912288050735,-10.11937116002418,41.76966246732654,-8.997530512503925|9992
-58.431664026628084,-19.051855615725735,-48.74166402662809,-15.244855615725735|9966
-58.384910729604066,-52.27646587612134,-44.54803712960407,-36.66746587612134|9974
-147.8888659750019,-20.290055833148116,-133.2878659750019,-11.955193633148117|9994
-75.41725374446696,-76.38570394617555,-30.304429744466965,-56.998995946175555|9998
-177.3142920505304,-17.220277343828673,-160.27884425053043,-11.312048539388673|9992
-172.68981495690082,-61.29983645768663,-141.0014557569008,-45.97883645768663|9998
-133.07174899549634,-57.42122448642187,-99.04574899549633,-42.42122448642187|9938
-41.0261402755018,-87.15437993488912,-5.7629402478985625,-48.09902620645885|9938
-154.5619912955929,-21.5459458976942,-139.6999912955929,-13.7831869976942|9992
-94.17145618314753,-79.35199128428296,-50.19427258314752,-59.24599128428296|9952
-110.77036834776221,-27.647036669219027,-109.6947399695979,40.992551310526416|9996
-49.176713807523406,-86.42198364930887,2.600806992476599,-54.016571649308865|9924
-23.944526514265235,-77.49307150146758,47.31113508573476,-52.85182630146758|9922
-88.64233368086833,-41.5111992590895,-67.77714218294832,-35.1303948508893|9996
-45.52206597972663,-46.0789601222337,-29.37056637972663,-29.847416922233705|9926
-73.44943771008437,-55.63237030062738,-57.91889851008437,-44.43556059402738|9998
-48.90022254263699,-19.222255500357818,-41.90872254263699,-15.472255500357818|9972
-34.43717013882267,-16.15495508146406,-17.199830138822673,-10.744793612024061|9994
-25.954647116008744,-32.331116248354796,-10.159647116008744,-21.598616248354794|9940
-25.658169508943786,-15.294893639018838,-9.936669508943785,-9.168143639018838|9983
-142.01237851332402,-61.04402931619056,-107.26037851332401,-46.04402931619056|9966
-15.923994723241854,-79.028323920975,49.16330447675815,-51.530611489455|9968
-2.1704249242028117,-72.52562274868905,85.45315267579718,-55.279163948689046|9964
-15.418469617991962,-62.586480648943166,32.97153038200804,-41.343480648943164|9946
-134.14434812965405,-52.328836133009965,-100.39434812965405,-37.03183613300996|9984
-3.5961014299421223,-78.7280734614581,65.99954977005788,-53.758556335618096|9954
-26.31609680471936,-84.17499695436362,21.043943195280637,-48.13724121180362|9954
-7.793500693691642,-62.32025880932109,42.202377706308354,-41.27525880932109|9984
-173.62671454892242,-82.87748044105729,-125.33828734892242,-61.61750764105729|9968
-84.68945089078132,-32.6741480816649,-69.72845089078132,-24.739148081664904|9972
-108.07206815772606,-53.40383137109366,-80.50352375772607,-37.44478957109366|9990
-157.4627493964439,-29.233765874297255,-140.98645299644392,-17.540754693017256|10000
-108.3910125766309,-24.65357693463365,-88.1719702852309,-12.419973090633652|10000
-156.50715205776382,-24.913205259376877,-142.8886112577638,-15.402587559376876|9924
-87.99972746538572,-46.81295511740222,-66.05380346538573,-39.575619143002214|9920
-97.40467438357881,-6.657464952695421,-82.50367438357881,1.6840350473045786|9922
-89.09721424616284,-34.39373578998104,-73.23097924616283,-24.346405447981034|9936
-24.76725173328742,-23.059238445298412,-9.284348933287419,-14.769857853058411|10000
-148.3096103473314,-67.38432142050914,-110.14961034733139,-51.84132142050914|9968
-150.27459729785508,-37.91531069873101,-127.35812183874928,-23.00825910545101|10000
-127.5987747677565,-8.544687659280306,-109.66582836775649,3.7022501011196933|9986
-144.0577394157713,-22.71431631407068,-128.6616860157713,-11.750988245630678|9970
-114.75783179416419,-21.963335790407267,-109.53985604632419,22.322411675832736|9918
-6.397427173285905,-3.723532269982639,6.039029326714095,1.1912702300173605|9984
-88.19348957794236,-29.934051311610812,-73.19348957794236,-21.639051311610814|9964
-96.6074822195856,-34.89957197804855,-75.1068504911691,-24.671273966442556|9906
-88.4287133778073,-83.6785878455738,94.31552102674533,-69.49852316408503|9930
-29.020468018048124,-22.28011979269435,-14.020468018048124,-13.82461979269435|9902
-98.46591618251637,-47.52835973293051,-74.81391618251637,-33.50190473293051|9930
-110.9692862221888,-4.71142965264423,-92.5942862221888,5.951046747355771|9970
-119.4348982441508,-5.826943302081064,-98.8288629061508,6.443857675773991|10000
-95.09485360910736,-48.31610346426849,-69.77015423677032,-39.289785300086024|9918
-63.45979880415968,-13.206352360141699,-53.89523150415968,-9.2388523601417|9996
-7.789764513414543,-40.03935490956582,10.847566286585458,-27.24333250956582|9988
-70.65898889084475,-70.40683998011987,-33.527069690844755,-53.245148580119874|9948
-66.14166888515173,-38.60228326696883,-35.76512716288213,-34.688862979826034|9908
-11.276012428006155,-55.18676299774685,29.22219908911385,-37.010506997746845|9928
-81.42801237239254,-35.26211873822996,-66.21818997239254,-28.726024438229956|9992
-83.32488828389884,-5.758846265063627,-73.27000543553885,-1.7008070150636279|9998
-155.24772738028952,-37.611606244677084,-135.75482614420952,-21.087030244677084|9996
-174.36104311393706,-70.93724310210168,-137.64645031393707,-54.540942302101676|10000
-29.21708319616186,-12.936472096031391,-10.228583196161857,-8.650767421031391|9929
-30.10232432482614,-66.13388771669145,16.48091247517387,-45.120346916691446|9962
-152.39512467796442,-15.249309550988063,-135.59429907796442,-9.834128350988063|10000
-90.79641566870693,-70.57831849986786,-54.992705668706925,-54.125314099867865|9908
-49.19043513564173,-42.23468835078204,-32.00043513564172,-30.471922950782037|9998
-9.810977780228242,-7.027699623611696,18.049304531451757,-5.115067953506288|10000
-4.0542471756844805,-69.3806406553464,108.8369384243155,-56.6348766553464|9936
-96.38007577996402,-63.11374638200335,-72.40471982476402,-45.16869198200335|9932
-135.58457716899514,-1.0037467456515003,-120.35357716899514,7.136753254348499|9944
-0.4698222233241811,-69.10387391967394,127.15731777667581,-57.82838952927395|9992
-10.096230032703,-37.31894446564566,7.561769967297002,-25.26494446564566|9970
-80.22352219990002,-30.447682908925245,-63.15052219990002,-25.683104508925243|9924
-32.71614616973396,-38.62096946263193,-31.44789340253396,11.51725293736807|9960
-27.079487406019066,-18.721854390246715,-12.259487406019066,-11.058489990246716|9996
-5.237462124624683,-55.36450119658376,34.84124394777532,-36.00820599658376|9984
-57.8638188171223,-31.59860116729765,-48.1566906171223,-27.298851167297652|9912
-147.0581609075886,-89.37702299382671,-99.43500904475431,-60.526910423489866|9940
-19.037517000988913,-47.370071516735486,9.936482999011087,-32.370071516735486|9920
-150.61967582778777,-75.38824696547587,-108.60309182778778,-56.81524696547587|9950
-93.30249727829998,-6.094967575522818,-71.07983887829998,-3.2840650755228182|9996
-48.97273188096649,-53.421793020453606,-24.888251880966493,-37.585779420453605|9962
-22.20226501862549,-60.981707288002085,21.280712981374514,-41.36933928800208|9994
-20.241662875892384,-57.70663876203798,20.39147712410762,-39.36789676203799|9978
-97.86235256931741,-11.285736659935141,-81.4360952779574,-2.427921460558503|10000
-160.7593852719175,-1.2437085367910883,-145.4683852719175,5.663791463208911|9990
-155.33365544208422,-40.30339529823487,-132.23365544208423,-24.77239529823487|9980
-132.6763418436849,-55.432101870969305,-97.97234184368489,-40.48910187096931|9992
-81.96779929562672,-45.2125819048866,-67.14479929562671,-36.9886663048866|10000
-118.89915930992626,-15.79440294262383,-110.57550675328575,12.978885286576173|9978
-38.80329785515411,-42.67162517538692,-28.100925113954112,-24.011661175386923|9958
-131.75919238684244,-3.2182004875799066,-115.97377078684244,6.589625002260092|9980
-33.53242655115755,-78.93609243341143,38.50597865204245,-54.35915885741143|9948
-72.06615678722464,-19.63621457151109,-60.88919358722464,-15.24946457151109|9968
-89.69450837804521,-53.27887967704761,-63.30157121396522,-44.90133627616953|9988
-175.56140602186673,-54.59160396761443,-152.72540602186672,-39.24660396761443|9952
-35.32273228739711,-0.8612093822012024,-25.13211988739711,3.533790617798797|9928
-105.55091358299701,-14.468304611005168,-85.60313118299702,-4.132497270685169|9978
-130.26167831059863,-74.3015905160176,-88.06948031059862,-57.3995905160176|9958
-108.92597687668153,-9.565164479043357,-90.68297687668154,1.827578520956644|9942
-8.241482683583074,-5.245864069476948,51.09635038521693,-4.455447447506747|9914
-104.18621865652372,-86.75157882846736,28.706682234676293,-67.67238449886736|9940
-78.38509783212784,-8.1508238117537,-68.44609783212783,-4.1045738117537|9966
-21.670943437933314,-1.1947972558387354,10.378593955755004,0.7797834070732641|9998
-119.26995338436456,-38.16428860675266,-97.82595338436455,-22.783288606752663|9938
-26.594057501507578,-6.816737718928594,-8.499920501507578,-2.5055532189285934|9984
-110.93522791578427,-63.97258916173791,-79.02122791578427,-48.97258916173791|9970
-171.04056216507726,-57.12020767106841,-143.08896336507726,-42.645207671068405|9944
-66.46455959526567,-63.59531542331054,-35.07100439526567,-48.11468542331053|9946
-125.72172083393865,-21.72852063735192,-114.74892803393865,-0.7795206373519221|9972
-12.405421878080622,-88.94870448591055,19.985897081919376,-39.827057807190556|9974
-70.85282903312425,-31.015715163106034,-58.154616146604255,-26.577843963106034|9978
-13.621813684921326,-28.94544435183717,2.2298431150786744,-19.24591035183717|10000
-124.5448818163579,-44.60282062054324,-99.72861781635791,-29.74382062054324|9996
-72.97911070686094,-12.247884901317118,-63.118381006860936,-7.994634901317117|9966
-62.63863986206202,-26.890435806417585,-51.61652736206202,-22.871185806417586|9986
-78.1183150254159,-5.640663668927543,-68.4001024254159,-1.8411636689275426|9988
-60.643469325499204,-41.80951023774039,-45.841469325499205,-34.23504303774039|9948
-164.1311525146954,-22.17837169584741,-149.1311525146954,-14.44737169584741|9922
-119.16849098708883,-34.81086305532048,-101.42649098708884,-19.33086305532048|9942
-18.08160082159756,-15.275849147440471,-2.436600821597562,-9.143849147440472|9998
-57.94977580455142,-25.01444633500485,-48.96927580455142,-21.09719633500485|9960
-32.87097841610389,-77.0366315136453,40.59252211893611,-53.755147332794586|9990
-74.43654057762362,-21.040696125018925,-62.44374807762362,-16.477696125018927|9916
-16.655746308888805,-61.901506170718946,30.546253691111193,-41.19250617071894|9976
-92.3032360186534,-66.95449431634005,-62.48323601865339,-51.954494316340046|9996
-79.9592788836764,-84.7715640626746,48.81079819578545,-66.42093640174977|9934
-175.71765834722788,-67.85860843974291,-140.4052463472279,-51.87760843974291|9966
-140.38418162806042,-54.12823293073674,-107.24018162806041,-39.12823293073674|9972
-123.07186315479181,-60.50262125902944,-90.9598631547918,-45.50262125902944|9974
-148.54257122450704,-56.08708978598224,-115.62523322450704,-40.907711385982246|9980
-127.64901326098466,-39.15231567227451,-104.71101326098466,-24.15231567227451|9948
-44.45193071030772,-83.69809696135212,17.204069289692278,-54.84409696135212|9958
-136.54720956554593,-71.82392883918317,-97.01669196554593,-55.55492883918317|9924
-178.71823676307693,-15.39630244995925,-160.79196896307693,-10.563747445959251|9986
-177.7943224038138,-50.024256718326086,-161.6431384038138,-32.96498171832609|9976
-16.74027219393219,-17.170344376215407,-1.002272193932189,-10.513344376215407|9970
-91.21474448024922,-56.86732671415088,-85.21347013780928,-10.161835479084132|9970
-4.267759787222573,-25.982012166930684,9.725851212777426,-17.516084766930682|9990
-89.29809248006508,-56.292230235819574,-63.58825415666507,-46.40245866452842|9940
-131.01813567034736,-59.46856153228321,-96.78213567034737,-44.753561532283214|10000
-55.55661166846291,-6.987755793362305,-45.4365643684629,-2.7922557933623047|9912
-19.475256958277683,-16.085692611086962,-4.2473747082776825,-9.471506436086962|9995
-139.75844652286702,-29.335258214689453,-127.11097476286702,-12.221816414689453|9960
-69.62125449210033,-73.90313229427312,-28.637900492100336,-55.20391269427312|9916
-125.11018609197299,-32.53145264770163,-107.825210891973,-14.708452647701627|9932
-72.60640025860674,-45.34660260688414,-57.37840025860674,-38.34310260688414|9926
-38.02690546445715,-25.365603182108735,-22.78390546445715,-18.375603182108733|9954
-146.3991386549344,-56.42880965424666,-113.43501265493441,-40.771011654246664|9998
-39.91929535050644,-49.535637992177584,-13.783295350506439,-34.84763799217758|9958
-26.930614237063615,-81.43034410341629,33.069385762936385,-51.59234410341629|9946
-142.41456570407564,-16.877324320741497,-128.15276250407564,-7.953609520741498|9938
-69.33793626211214,-38.4276544945922,-38.69616685084814,-34.737901974063554|9916
-167.41148015333565,-59.73386293273698,-135.54548015333563,-44.73386293273698|9990
-78.2886952151565,-67.33291924177375,-46.5175936151565,-51.73840444177375|9954
-124.26460692842906,-88.98981452941457,-37.88744001657149,-66.31569108646777|9900
-45.939654561891146,-20.032413568302424,-38.07815456189115,-16.197663568302424|9970
-102.09725931972457,-77.21588475953764,-60.30043851972457,-58.991961759537645|9982
-102.63118450465065,-29.274273395880318,-81.07145950465065,-17.683288483380316|9994
-56.30160955325772,-60.1165212975587,-23.409609553257717,-45.1165212975587|9900
-90.07628451085971,-11.085881684337338,-69.22209351085971,-7.981346305617338|9946
-7.016505587125326,-37.19152840281483,10.046809212874674,-25.69485659961483|9968
-13.133059767148676,-38.012566221180066,5.117536232851325,-25.390617021180066|9962
-8.511319986803157,-57.559041080700084,34.895590094556844,-38.03294708070008|9994
-121.19553796719295,-38.21943278143789,-99.55353796719295,-23.219432781437888|9912
-67.63643609227034,-88.7328575221192,-5.764316092270349,-60.246799362119205|9928
-170.30949797314088,-43.36743347357916,-152.96240117314088,-27.71268947357916|9980
-1.5444672785228586,-80.94113005174243,60.81953272147714,-52.14665245174243|9998
-89.63795115239436,-83.01714333519519,-42.85289955239436,-60.103143335195185|9962
-130.87272549015574,-23.449340572210296,-121.32921549015575,-0.6883405722102971|9978
-24.34458500493982,-74.34437967977547,49.23465699314019,-52.35146561849547|9914
-57.522389593658595,-50.48211416033681,-50.48245651315268,-31.421963701136814|9934
-37.45308990599001,-3.8874978142195618,-28.17648060599001,0.207502185780438|9938
-7.789653204089706,-33.103066991388644,8.515346795910293,-22.861741391388644|9958
-48.80801944380126,-60.487893825871524,-14.775646243801255,-44.53581922587152|9966
-150.69467326233382,-81.76002274238824,-103.71758926233382,-60.061022742388246|9954
-140.1242533597442,-37.4324667141721,-119.63425335974418,-20.2814667141721|9918
-112.23336296506088,-66.16637348029762,-79.28195456506089,-51.17837168029762|9998
-102.73047053837405,-73.13844806793968,-63.37002773837405,-56.823593667939676|9994
-170.08832454229406,-62.09517433630054,-137.42432454229407,-46.92417433630054|9980
