-60.374026001958065,-54.79539456516952,-50.574750815988196,-44.49074732643997|9903
-147.2809435657732,-43.29266820171508,-130.60624618868397,-35.053280530146914|9921
-14.271922953468918,-32.107158814646525,-8.209996524355471,-22.53090488460787|9949
-175.1325759382212,-41.60547212474666,-163.6519355880454,-34.87564794199464|9982
-167.4291459065163,-49.89413992731474,-158.84819667782162,-37.16666025924185|9965
-101.38953825345527,-3.853117668054292,-90.56760578898253,0.7912089923417476|9967
-113.39190877690977,-12.43756520861999,-100.26369949911893,-6.070352912881407|9973
-146.9219859095973,-22.062439385693477,-136.8691348428772,-16.852236344504888|9912
-10.212305485199511,-51.05246226884125,9.830164096039812,-39.87492302369586|9947
-171.30089056953273,-45.57221775454277,-151.92109700448123,-41.30373616308723|9968
-118.99054139670116,-85.60145894811268,77.04939962309152,-77.6137166720332|9990
-11.50412819361323,-86.46391267011961,9.140737838700925,-50.39612621891587|9955
-5.607786402240609,-0.15791267404777654,0.35080356560382153,2.9902889391391296|9955
-163.3559935732434,-55.75097612559997,-147.68813177322508,-46.73062675813234|9922
-5.540785174399421,-84.74093511124596,12.993477587183897,-49.25534020640421|9915
-108.48056247091417,-69.8916683397126,-90.88685416721928,-59.898439068480556|9990
-32.705577085226835,-76.6736311602178,-5.678674696835202,-56.21860977608007|9941
-69.82344335339687,-40.6706307044876,-62.016460748603215,-36.58717349497236|9970
-95.42058250544154,-84.00214450653614,71.75126807293991,-76.02660009970612|9963
-89.04251083006528,-34.55146071476723,-78.39171594143488,-27.667905650552065|9936
-148.44418756741928,-40.98671476925652,-132.95599134744316,-32.80004509617799|9977
-164.50668804353168,-45.65133928442806,-156.52199686148037,-34.15415284521776|9987
-156.5293037570681,-41.55616621067832,-143.66037964291914,-32.56841132480744|9909
-148.39069172380698,-7.893905868671165,-138.19005586213623,-4.887951121591281|9967
-68.18637506729083,-7.859045302903206,-55.12279150566306,-6.773836534239396|9930
-120.47143985832918,-21.822934842072577,-113.76205858320554,-9.71353054716398|9965
-5.499835602376266,-76.22305325025079,14.967752508400928,-49.283691918693634|9975
-63.202166726788455,-60.76661985246149,-44.6296607093781,-50.94323227769954|9910
-122.52929381777888,-44.18204534179253,-103.24305133689548,-35.795667507930496|9963
-24.75652917491414,-34.26387354487155,-16.05565641328763,-25.63374752718022|9929
-80.14259230876245,-16.197325150551798,-70.33875127863317,-13.879645675958873|9978
-21.91048933946164,-0.33138203016880974,-15.556765312671505,2.9565956173112613|9965
-52.96303650447673,-4.546649632058802,-44.09950641478069,-2.976636036805443|9951
-7.011704959625302,-6.576343455625455,-1.032590105119282,-3.048288908762138|9990
-85.11636610483075,-42.91301556969348,-74.71309749768078,-35.84574652847159|9978
-37.026880005724166,-72.18994869070309,2.1991572806992394,-57.613933947120884|9971
-140.3598082302094,-9.842126374075832,-130.16135396008085,-7.051850948565331|9949
-84.48630396045266,-70.13201716945768,-63.50693063248964,-60.042452559285586|9957
-11.676260545727926,-13.62905058383366,-5.081899301670005,-8.983481252054023|9994
-152.614685286939,-81.93165465166645,-120.72208875362828,-68.76276447819038|9934
-8.57611297176647,-4.692754889325722,-2.683109441398768,-1.532384194894476|9982
-161.7286112518424,-38.25500804284012,-149.20295078235702,-30.41596266568483|9989
-133.67298067647147,-56.68087045719288,-114.28210910227784,-47.513316053618325|9982
-157.99464083900756,-51.935601654980516,-142.90318012554587,-43.06462655154424|9905
-139.65177004722872,-87.88886843127723,-61.40798135528868,-74.86442713114188|9967
-163.0317481056286,-11.702261005678464,-152.03972452726885,-8.039390511645825|9935
-110.29832423170774,-47.8796984848334,-92.154678967226,-39.26221732953131|9984
-115.87431143449045,-6.70185082838668,-100.74599158799748,-0.5167715239203465|9913
-45.69918824377329,-27.042890562298876,-40.30173323855193,-22.70902429211833|9918
-144.6069318596582,-58.812973346888334,-123.97488686755179,-49.67585678338939|9939
-72.5328299262156,-19.0825299009123,-60.83988479388493,-17.801384777711085|9943
-75.54390654110414,-76.11051249375224,-52.23884912851543,-62.62388059245364|9939
-83.58263936109869,-74.18017292707852,-58.9854178244788,-62.48951848858973|9993
-161.5570105143706,-46.10523434989838,-151.81526839249918,-36.22435391523649|9944
-78.34210911896129,-3.8669296321771354,-71.76122898036216,-2.0004413525971003|9916
-19.056164795719532,-13.682960942879225,-11.968521227961944,-9.380352484444245|10000
-140.98921676349764,-16.97717362935554,-130.2912480235517,-12.347524224576993|9941
-121.55481529596469,-38.12403294510944,-111.8522235256447,-29.176971569511267|9994
-43.71407597182588,-72.83865559491298,19.558475015755462,-63.38260729577567|9995
-67.15028423326768,-8.843548068444766,-55.851119208547445,-7.608387662996235|9981
-144.49835546895338,-68.51715363234997,-118.56488051550734,-58.5299742540373|9904
-133.88718159043938,-23.5076015903484,-123.92771532978104,-14.312067016510301|9997
-80.93996893717241,-32.36328107131267,-72.43414138722352,-27.67899870071173|9982
-116.89918968107575,-85.90772872185435,-109.62007258399348,-48.509611700692176|9946
-179.95456353537787,-63.90553890229083,-168.2053388204313,-51.5214173634746|9958
-14.652532964579395,-15.501336884528884,-7.6851770011397535,-10.554440181056584|9952
-163.24352703795466,-44.9556638306425,-155.26313478605644,-33.57618623774525|9966
-89.71374744093538,-87.79861226124629,-60.4523101239389,-66.72414055339672|9928
-76.61083241342175,-68.9331948046052,-57.28044233510582,-58.46033464625184|9948
-71.30347746092366,-52.37070856927411,-63.578251499101455,-46.433405113471096|9975
-78.98977445491757,-21.87662627667295,-70.89634400320139,-18.329787609245304|9978
-72.05592596094608,-1.6387289293778873,-66.54196990142374,0.0593080805806947|9969
-115.15894458662011,-18.43101397687374,-99.72900068680343,-11.494817551540597|9941
-87.25074125507851,-66.76002405308714,-68.34442162841455,-56.96252254976919|9955
-91.13076951700285,-10.088185626135884,-82.02381707063861,-6.003716697709244|9967
-126.68641375729695,-17.488365449496975,-114.63146520675173,-10.813337955083213|9989
-170.99319791272052,-74.78117783438078,-146.38175516057413,-64.38741348435798|9946
-66.15096406455898,-9.670783960417493,-53.52794021809902,-8.729279678544337|9905
-12.759486653783226,-14.619170691153,-6.314965483069324,-9.637451564069515|9908
-135.6802868113585,-70.77832113872252,-97.78188307304453,-63.40356747962113|9908
-36.58283665454206,-42.02868713706713,-24.443327521862788,-33.83443069610304|9913
-23.14105464111941,-30.355940048652393,-19.83396077820405,-18.115070792710593|9998
-160.2848484847076,-66.8252982727863,-139.31904825744354,-57.023717130737154|9993
-59.27491716870365,-38.451758518491786,-51.0221202612755,-34.79384180196217|9943
-174.16383767664428,-19.1764216201712,-163.77373476605558,-16.50364581730733|9968
-79.60619994060211,-88.07937450058186,-39.99123835490347,-69.25072282189747|9963
-93.02951900976552,-34.56260163263489,-86.3740340516903,-19.501204574852895|9967
-65.30432286456464,-72.89121058097653,-43.44804437751506,-60.478900334706125|9980
-50.85488532018814,-67.77855366950527,-31.188584208017694,-55.73941311012118|9907
-133.93335391376183,-73.76914630763216,-107.80012769410901,-62.044572304537624|9982
-99.58016683123138,-36.92000344884894,-85.51241429836978,-27.33380731290804|9987
-114.25677044633224,-66.04594228188739,-98.72583373350629,-55.92053070781421|9950
-2.0763500983079353,-18.59574150608746,3.687504359491625,-14.026993097100245|9937
-72.08004034810311,-50.43270811344927,-64.26543305729174,-45.47777874327001|9906
-31.743474896012277,-87.68200219183555,-6.189350494468048,-56.54830181274298|9958
-59.43185266759165,-16.143234807462914,-12.015754287600018,-15.894137259877931|9905
-127.24353324838962,-38.65184137185192,-116.54490320367077,-27.916775391178973|9928
-157.39342390212298,-68.2407552777928,-134.51396620490166,-58.22750617249223|9946
-64.23616445593314,-24.255565591679417,-55.44995558559195,-22.378161382408834|9979
-103.67187949911535,-68.89584697371389,-88.01851059850479,-58.9767737263798|9950
