-152.38058880056528,-14.676699341667586,-151.14649948671257,-14.134378792695014|9818
-6.718261028977082,-87.14437053516156,18.51877111592292,-81.65900028516155|9824
132.69852633539045,-34.15587628361505,133.67567574064012,-33.253616897649145|9980
158.73858008085801,-35.408128467972176,159.91245508085802,-34.687046255472175|9813
-164.5560131160807,11.648678534780885,-163.20901311608068,12.559241034780884|9824
127.30063224630311,-80.17319472139802,130.55982988474696,-74.61016251107844|9988
-14.627691173472329,-25.17024642501407,-13.377691173472329,-24.270996425014072|9820
-49.61334868980049,21.724146034715773,-48.09991136227727,22.105767035282913|9806
-92.95464859355444,-10.931512467440712,-90.84818554355444,-9.826387467440712|9970
-9.202902738974785,-37.89917766800412,-5.616995896349786,-36.56221606800412|9849
69.12420994865971,-44.36863058211929,72.6893329652057,-43.00826853482823|9838
-66.7328610664473,-81.94775107175502,-64.31719840010862,-74.97028043057892|9911
-98.2747892920779,37.348414663828905,-97.91245537336822,37.74339700486016|9808
73.18164657553442,27.567644997505,73.90249370053442,27.860832497504997|9820
-93.41369124690846,62.17362231404965,-92.52204106024095,62.371164139049654|9841
-75.84293805609506,-66.44026089688063,-70.92943805609507,-63.879836046880634|9975
-92.3554156925149,-3.915548428857633,-91.06619085328144,-3.2454318061731233|9989
-177.1786930207491,-7.885297416884612,-175.6876817957491,-7.465270484384612|9987
-130.64330578504516,-2.8610325055787627,-128.72351031192414,-1.9215948711510227|9986
105.58669528720543,-77.43493187754326,114.78495531247779,-72.54191677022295|9828
37.99585761300199,-79.16555488255267,48.80757961300199,-74.26005488255267|9984
165.05128477198235,-25.57364973259365,166.42549181454862,-24.85066883603156|9993
-12.707215862112463,-5.983310825730356,-11.214340862112463,-4.971810825730357|9868
-95.08659292511203,79.25342240170716,-93.61171792511203,80.20304740170715|9809
113.52390834427877,8.967868993817518,114.14890834427877,9.280368993817518|9995
151.22582083476965,-60.39540588397332,155.31982083476964,-59.07015588397332|9995
-15.271541092306336,-28.15408657184401,-14.274661179426335,-26.82514497184401|9974
148.74118554041178,-48.591583988446956,151.93718554041178,-47.341583988446956|9800
3.6013400772877446,44.78488740921057,4.032402577287745,45.03785615921057|9804
69.93938648019747,14.826091077685504,71.60724964300996,15.052388064388628|9828
167.6253747662701,61.270781583415214,168.8753747662701,61.895781583415214|9811
11.454086631435302,-61.76920073334993,16.1620866314353,-59.464700733349936|9987
-164.67155403438517,55.7895795481605,-162.82405403438517,56.022642235660506|9815
73.7928866059398,-1.9117558530392955,75.0428866059398,-1.2867558530392955|9809
130.07034931662417,-32.40052690150052,131.17084931662419,-31.66265190150052|9992
-28.115628418465974,77.47331052976045,-26.814878418465973,78.02123504851045|9995
93.00030168026467,21.629027021074705,93.78837655063658,21.97044825942102|9811
160.5288938833254,81.73175291150366,163.47821916333646,82.93182707809775|9850
23.984419191661544,-4.726900750904775,26.779144191661544,-4.576606260886026|9982
-16.363471063548246,83.83988672563692,-13.872971063548245,85.08513672563691|9838
-38.06885384774961,52.63110296427257,-37.33021042543718,52.96388936383381|9817
-139.48148796919514,46.51078872979738,-138.23148796919514,47.04997622979738|9982
-113.22968841377428,48.034066650638266,-112.68012591377429,48.35909790063827|9801
-95.21083983504414,71.64931580709467,-94.00983983504415,72.34962830709466|9992
88.30106067884441,-35.370484195733845,89.89935416276441,-33.99169409573384|9995
47.520423287434255,36.577726900715476,48.11823578743426,36.890226900715476|9831
89.35112016582445,56.929197476373844,90.82551752906743,57.20701616336883|9805
-142.88124521583376,62.81188624621956,-141.79979207208376,63.04191749621956|9842
-136.38092659919812,8.490589318826693,-135.91400708349812,10.864915381984193|9997
72.53664827312303,78.20274700560915,74.55342287312304,79.56959340560915|9991
90.3734954635471,76.27692971400614,91.5764131605876,76.778186589648|9831
32.788379537886016,-45.477592209870224,37.48687953788602,-43.200642809870224|9809
28.75874476130744,-39.01061222256329,32.85996178535744,-37.29439009756329|9836
-61.965320822839544,-14.442535596704161,-60.715320822839544,-13.817535596704161|9995
95.97117210930355,59.63282673245243,97.60796680930355,59.99098623245243|9990
-34.26677895240161,65.47450201815056,-33.32442691207798,65.82212367056681|9824
-103.97958833506581,-2.236864614206638,-102.43842811006581,-0.6422396142066382|9841
-110.4780704555574,83.64353234694929,-107.6677450795574,84.85680554694929|9848
69.1792721224783,-70.73066374160867,74.9562721224783,-67.18566374160866|9854
-41.39054495842305,-54.75528199532741,-36.39054495842305,-52.82253199532741|9867
16.551784586290893,81.16783396298507,17.744921394670893,82.84514071935507|9815
41.49206997016694,-43.15773273433876,45.64731172016694,-40.502725084338756|9982
149.45285831808525,-15.271327417402262,150.75560831808525,-14.570139917402262|9974
-80.20131759302025,57.686379147538986,-79.51546399302025,58.01687914753899|9826
-30.506155167418513,-52.684454296731644,-27.471918042418512,-51.380079296731644|9969
-114.01440248437636,30.80015796167794,-113.04888735753244,31.121046881473884|9814
-97.59282146152209,81.60126179307045,-95.5818410933446,82.7745134189092|9804
52.46007452092957,-32.077044257504674,53.53489569592956,-30.900794257504675|9989
-63.28043062173617,70.319579048415,-61.88293062173617,70.705017923415|9822
-142.60349967574427,80.43204966791123,-141.71209793984428,82.60754991791123|9829
-124.87756579468925,6.280855021180329,-123.58442529468924,7.230854211580329|9824
114.5323757142653,0.5249754184215618,115.26173585627406,0.8602754231348793|9827
161.5382570627753,-29.96190775685313,162.89873296373574,-29.268720219529346|9988
128.04903149819063,84.4069985898717,131.4174322089957,85.8471011931792|9823
-159.19159918451038,-48.74857546295734,-155.0530377074604,-47.24856008073484|9970
151.19165506004668,-32.748354346062165,153.0849161100467,-32.55004575856216|9983
-124.60136896431939,32.15563875943246,-123.67652752681938,32.553763096932464|9997
98.37483409892252,78.2221865506163,99.06508409892253,79.9954365506163|9807
109.18286759941878,42.32204366659113,109.9163765264256,42.65810231467934|9811
-163.36753368750814,-44.6725360475546,-162.636683945218,-41.50697223125056|9865
89.67984419181852,71.76698442965562,91.05121919181852,72.20513647965562|9825
94.56414629944885,24.287749856263588,95.28833379944885,24.600249856263588|9826
-136.28202195439687,52.266144745169726,-134.90602195439686,52.729519745169725|9993
-91.75331132807014,-41.561309682979896,-87.28175920276404,-40.063145768285196|9811
106.01196631691795,-31.578234957283463,107.00716400315912,-30.435073794178127|9818
100.09312666298922,-58.83088740915933,105.14779412030074,-56.44029635266458|9812
-175.90726599599893,81.07508014992243,-175.89515723958579,14.614856645010178|9832
-83.60569724749887,-46.16752481764946,-80.71334249749887,-44.87032331764946|9811
109.25431280919821,57.91778747631639,110.9198641052893,58.210520909171976|9803
-174.2626813447857,16.72006789254378,-172.97321515922138,17.374005129208072|9846
-57.598974391938114,79.59695682868235,-56.20938368189687,80.42903812632386|9828
-109.16388200885166,18.1267182444834,-107.70624665885165,18.90592405206465|9981
151.72895226698438,-43.30589095680306,152.4797022669844,-41.758890956803064|9812
106.26092820121863,-60.71106047551381,107.25833932568956,-54.48682166630409|9815
-116.25753298710899,76.70168803957344,-114.65428298710899,77.66938058957344|9970
-166.4510535274644,11.154103816230815,-165.28266243647082,12.08805723481655|9809
-134.65582618099123,38.579381478857954,-133.26188423816936,39.017721844903285|9989
-10.272978583815046,27.316811717556277,-9.479530884953077,27.676831282272357|9809
143.43283448131922,40.31263035014152,146.06360011588768,40.52577665707867|9837
-24.548327529101385,-88.73623259973515,-23.86829203157886,-60.63732954294068|9804
22.05933666605887,61.39722200611112,22.774211666058868,61.698472006111125|9962
-76.0924275978177,-71.6580487065743,-69.0835022207714,-69.39375058254672|9841
150.93637027643211,19.672632540640166,152.73524527643212,19.937650490640166|9803
14.919523399565378,-88.14502614462232,30.578158255844357,-81.30687832335379|9809
140.21725343380558,-17.760382151086304,148.15322534463868,-17.712346928809694|9811
82.28906531686488,57.365187552848454,83.25125281686488,57.71496880284845|9814
-81.3845398866797,12.457886956824282,-80.88029332904418,12.762342849421476|9810
12.548678376684876,-22.182622827479875,13.950303376684875,-21.794185327479877|9991
1.2488473542970553,30.382888641747954,4.09315713370029,30.55565874398551|9830
-160.35373890411876,19.0081346259429,-158.99371624341103,19.786615852414958|9810
-9.45403839179366,-6.979780469044741,-7.908227641793659,-6.60877301904474|9992
7.947193884694883,20.320332613593536,8.812486599560353,20.724487556560263|9802
29.89342092694139,-57.489027694345104,33.082060807235386,-53.31506265549666|9998
-39.15363445457052,-70.04584449995383,-34.12586911931683,-67.2805705497034|9815
-90.14175257796278,-43.794511210098726,-87.48900257796278,-42.51801121009873|9988
131.7087346066666,-76.36458466620844,140.17325491317683,-72.9042446792343|9820
37.52601026313974,-39.49787266026481,43.01511256313974,-37.656598439764814|9879
6.926342753322274,-6.007504924455816,8.579788365822274,-5.744662216549566|9840
91.3561226995069,-7.932330808615006,92.6061226995069,-7.383768308615006|9828
41.4416508890599,24.468758722587978,43.5094666640599,24.66429679034798|9824
78.53841513035974,-80.06871761162526,85.24091513035974,-76.71746761162527|9832
24.88653908870316,-38.953077470291724,29.86457536209048,-36.464059333598065|9809
-150.09859760747142,1.3088034794197796,-148.8034726074714,1.8122833231697797|9838
94.10431483587041,22.637918717842084,94.71718983587041,22.950418717842084|9995
-5.583350578132553,-77.7580582876829,6.469395621867447,-73.1645582876829|9816
74.72964654982209,-7.804990442138603,75.9565215498221,-7.292240442138603|9985
63.929228697653116,56.417286711798795,65.92383546015311,56.68248866179879|9837
-132.98444650160198,-67.00351345509932,-126.60794397935197,-63.43397531859932|9836
-159.2305460530908,71.19033787075455,-157.23781539137872,71.54263527379501|9817
-76.81744769732785,72.73668937267675,-75.56744769732785,73.23618937267675|9811
15.945282287083785,-33.18003886134811,18.162181182583783,-32.60765196113311|9996
-124.24178144416973,-66.6297820783289,-119.68366003577378,-64.48997905406672|9852
113.62603554798261,42.248403739696016,114.5593272979826,42.617477614696014|9819
137.87344098556798,-56.672635330181585,144.86508148556797,-55.69100864839159|10000
-33.11448363133931,-81.83985846656844,-12.238541913621354,-79.53280471551373|9826
72.48810304827211,-23.90802256060084,73.77109079827211,-22.33806199810084|9988
3.3835791872599543,-72.06380540522741,7.032385070730804,-63.82282074417876|9973
-99.66490538570073,-65.87354160876339,-98.08787563649928,-64.5297096471407|9808
-115.86382846376615,-79.31634633211033,-109.81742766376615,-76.29314593211033|9998
161.4259415046904,-10.633703501199577,163.04431650469039,-10.342793126199577|9866
37.50689705096542,-41.83756694986484,41.40689705096542,-40.36406694986484|9821
160.08378206003397,-85.06392913695609,168.89763430835396,-81.46658613900047|9806
155.01583090616583,55.13790806497005,156.06835975616582,55.51978306497005|9979
133.69668159184778,42.40353062560405,134.39561909184778,42.71603062560405|9822
-48.00413846939503,-46.00103512596748,-46.67695952234503,-44.814768068992485|9832
117.49087143553402,11.004332941589212,118.34335772303402,11.290645441589211|9836
-106.18457872565138,-43.073401504351814,-101.97152798905388,-41.70194753347307|9968
-39.547816869060455,46.9635219145344,-38.56543491493545,47.37590517431565|9822
-95.09884897868594,11.848099687792995,-93.73772636618594,12.576782062792995|9853
157.99064586421048,-80.68708991056026,163.96406466421047,-79.87951255441025|9811
-32.05850435929594,8.41999209691302,-31.216247559295937,8.78537194691302|9856
169.4299053131724,-56.00245783567699,178.1939068070524,-55.46445247085553|9865
-119.72393966029328,37.57471301388624,-118.99068829564328,37.90498896982374|9811
-71.61876140079565,-41.84353127255272,-70.39201140079565,-41.19284377255272|9987
-60.04041180097185,68.16836744809947,-59.016071332491855,68.56867002936447|9822
120.00678058240976,-41.67425949763605,121.88902370740976,-40.296134497636054|9982
-10.655069289582627,-25.680429425475026,-9.674785650566783,-24.65260484113145|9816
74.57342903311238,6.986595770075795,75.92642903311237,7.3747832700757945|9984
-35.418630168335994,-45.25471467112936,-32.449753368336,-43.969989871129364|9858
64.13656556745295,-42.97655900354834,67.48681556745295,-41.57780900354834|9804
-21.480880647380957,-1.6429836988380657,-20.230880647380957,-1.0834836988380658|9840
-104.25694903035242,-34.90959935918977,-101.12478200535242,-33.55884935918977|9985
-19.89346352037009,-73.69576945299596,-13.37157412621009,-70.44527246569133|9983
118.59568139268521,33.493880669478074,119.3193688926852,33.83688066947808|9827
3.9746561769867697,-66.26297299354184,9.726468048423742,-62.17659824947944|9989
93.77701749143574,60.39489855497513,94.50057631643574,60.72021105497513|10000
52.30061320223575,-0.8045474016104777,53.81684832614575,-0.20631013331047765|9864
-48.836993791261534,-7.0677494673293495,-46.713197666261536,-6.83885998670435|9987
97.13883540814544,-40.769972513534356,98.03374677399452,-39.45169024508986|9973
129.01121827743435,-6.33630987147157,130.26046827743434,-5.67458214647157|9807
52.73474078826544,-89.84654837854906,53.96108269788256,-64.73535381848478|9812
123.65014859642952,51.01905919844404,127.26777998399201,51.12288739543515|9808
-82.90667438713282,-27.21687441722173,-78.45355316395282,-26.61558421722173|9816
115.56690565193037,-55.20111259781015,120.05933835193036,-53.80573759781015|9823
168.00806469713973,-66.88930014952757,171.21450562385226,-65.75415061321698|9983
76.13500566738418,-59.02271244340801,84.57614686794417,-58.37425705143301|9997
39.372151641544974,34.48132179164104,40.061025507673605,34.82626007908485|9830
-19.850475829672803,58.03754377824768,-19.471114785922804,58.41170002824768|9832
-76.21323281702382,-12.033615444670957,-73.92327041702383,-11.825934117520957|9812
87.7342479227325,-54.31754531876649,90.42997448262719,-52.35103673259951|9845
13.524421599281595,-48.70742577209817,18.516421599281596,-45.81580977209817|9816
-148.27086654364993,-26.049801929069844,-145.20045304364993,-24.514595179069843|9832
-96.16763043866948,25.97615013018313,-95.49054573600962,26.295439342038197|9995
108.99308253292264,-10.557425656336747,110.24308253292264,-9.783675656336747|9823
104.93695262428679,-1.59980879872802,107.1058212251009,-1.429786706985772|9810
-12.104181891143156,-81.40970664964186,-6.3132228384931555,-71.13132315452187|9806
-38.20486093146312,54.06387443730202,-37.47998593146312,54.38268693730202|9998
81.76265735837126,15.692608169372747,82.76021985837126,16.053764419372747|9851
94.9431524877017,6.843036636917077,95.91298339869466,7.297052331522955|9841
-80.09132876432142,-29.673254092735476,-78.14710197794703,-28.32169070962025|9992
134.59977947534583,-55.677365848378194,137.9957794753458,-54.427365848378194|9835
-130.29512031665672,57.903954072181875,-129.7847453166567,58.216454072181875|9840
-73.01221988351536,44.186033535365,-72.65098645851536,44.586789135364995|9979
-46.7473286579515,69.2165503253126,-43.741178238066595,69.36656078496095|9986
-107.60847726879841,-77.9301879621769,-102.65630474511252,-75.20341534062452|9825
-34.56751920094513,-13.665833150475649,-33.16789420094513,-13.220569512975649|9808
146.88868676465324,-25.106744518080987,148.10956176465325,-24.522922093080986|9835
107.63932398381075,-42.00669509971991,110.80181065731075,-40.98821363221991|9863
-17.753366350977558,39.401298160966235,-16.78124135097756,39.76798566096623|9876
156.7027064182414,73.07727198865476,157.9705698869534,73.72371390377863|9963
86.20916232144947,-2.076623101567165,88.93856298042196,-1.2585970819046652|9970
-104.32191507868927,15.53859520326263,-102.51255163428603,16.430471915403082|9979
38.77398591204221,7.548173473137609,39.27239156076221,8.42497034813761|9818
-113.5453855087631,10.485090480526438,-110.0425501447631,10.790043328328814|9882
121.90873046971848,27.123786403561482,122.30471893846848,27.803375587936483|9990
16.23986833955999,13.856922717280327,16.43192327705999,15.220397826655327|9846
-122.69207222595688,-8.703196484878063,-121.99446822595688,-5.855286772378063|9828
-51.05347876129389,70.70588968790855,-50.54345502509389,71.62150075955856|9813
-127.5708063462148,-19.936362009796127,-126.3208063462148,-17.922237009796127|9855
-115.31117528553038,-10.903703622897368,-114.14572518987586,-9.264453771043332|9810
79.28958552452656,33.92165369826451,79.63085164235649,34.48631381932055|9819
-105.88226850848692,-61.84041894602254,-104.45137455848692,-58.69809516527254|9838
-63.978256196263345,-28.673338004961828,-63.46842208907771,-27.764562672152163|9801
29.164413683325023,-12.662454590425597,29.513538683325024,-11.802392090425597|9824
-72.19844845068852,72.00250536816782,-71.49957345068852,72.94000536816782|9817
65.86303553476705,-15.713173774137417,67.28441053476705,-15.158923774137417|9840
99.24622419408877,-13.088452502638361,99.77224729956461,-11.678693106707112|9836
47.29483216711921,63.680147434993614,47.68231424836921,64.78452243499362|9840
153.09639753658206,-43.5710796163882,154.64234284908207,-42.037529956650694|9973
7.708870252183885,58.298270650918084,8.064486486727356,58.901378046492106|9820
-2.5145313393925335,59.65183352694103,-2.1440949678775096,60.3394023363182|9830
-126.20519133290796,-66.30085209238041,-123.25313958290796,-62.03522709238041|9812
-86.42977667803434,-66.47777257398963,-85.32798000427434,-60.27567470358962|9981
-144.2643274963841,-59.10591436935664,-142.7962774213841,-54.87940490685664|9863
-133.47319254188193,-14.688865850656327,-132.22319254188193,-12.961803350656327|9986
10.407047761751642,-67.36811850062867,31.730753994904102,-66.9869481015174|9983
70.278794900532,-87.68324096369243,75.02314242606,-75.761487562789|9821
110.17297889490408,49.43510018248878,110.71496442615408,50.412963007488784|9986
-1.6255974480779969,-83.1433119842296,3.6312307519220033,-71.71169592589959|9843
33.27145103364441,-65.07601751935357,36.501437981063845,-61.52217268140978|9811
119.30926632123874,-47.63491844030987,120.1481860732369,-43.432184192636115|9858
119.1938756568075,-84.70717578555421,126.3766256568075,-73.45717578555421|9827
153.08100180198704,69.20640541431993,153.80000420688387,70.34388449088243|9830
154.74381041220516,-32.089027895800264,155.25587291220518,-31.151527895800264|9805
131.72548696221395,-12.031747033339755,131.99281683721395,-10.739872033339754|9823
-23.96037698223401,52.53597170120179,-23.586531081592277,53.12943498392149|9806
148.09854438569027,-19.577380146430087,148.81305835320526,-18.67481667890509|9858
9.957885227741798,-71.36841922205382,10.659174714551797,-51.013582855253816|9979
39.617682223435054,62.178021738640496,39.701256289543345,66.08552852180738|9801
152.68475024800028,6.19429857830319,153.39743774800027,7.13179857830319|9996
27.067464416435428,31.28406172847231,27.362950362552194,31.708542064366352|9819
-156.85070215646007,-84.69045870931416,-153.10761983690833,-78.80503828191335|9830
-164.84155616576618,-53.61782798543269,-163.4131811657662,-50.22433677293269|9965
-111.28972924719763,-15.444627238750272,-110.51703514104763,-10.543405888750272|9997
154.0349335260753,-31.38397987013311,154.6145655849378,-30.39774187013311|9838
-142.17831606103056,-61.28789824901476,-139.96665168770096,-57.508567467521935|9827
41.480038990350266,-16.146871758697742,42.043966236261625,-15.2266746753569|9833
-54.05328667487598,-5.244996478401305,-53.81354400576907,-3.8021080512577496|9810
46.240117394495485,-18.674137226993793,47.01068908417372,-17.92713932830244|9815
151.10026812497432,59.11660618201509,151.89619088747432,60.14813743201509|9992
80.92787372009224,-74.19097273548535,87.02587372009224,-69.57172273548535|9800
33.28061296629255,-55.558241886311315,34.90040776629255,-52.151410938311315|9838
65.4554733786699,54.378119147950486,65.64612176383999,55.897504568246404|9836
130.45362855997354,-16.352298218582717,131.2347159828225,-15.479935363415565|9808
-31.096838156898826,-32.89584978034323,-30.422501610798825,-29.998240683418228|9839
-118.63864826411616,67.67521603849713,-117.97476744654175,68.61583162722887|9993
106.34290195473397,-80.21724386949452,111.34290195473397,-78.31599386949452|9829
-75.53814472778397,-88.577477146475,-72.60611710435593,-75.56966178608423|9819
-178.18054887308267,72.39134000919623,-177.30604887308266,73.32884000919623|9807
